表1—12    省、自治区、直辖市分性别、月份的出生人口（1999.11.1-2000.10.31)
http://www.stats.gov.cn/tjsj/pcsj/rkpc/5rp/html/t0112.htm

全国	14114536	7606007	6508529	1978250	1061220	917030	1609314	859675	749639	1189393	642841	546552	1144714	618226	526488	1132869	608123	524746	979883	527946	451937	967613	525508	442105	939092	509698	429394	936873	506643	430230	1011333	546626	464707	1002489	541428	461061	1222713	658073	564640
　																																							
北京	81605	42849	38756	7364	3832	3532	7087	3707	3380	7311	3811	3500	7211	3766	3445	7458	3843	3615	7002	3676	3326	6750	3590	3160	6629	3531	3098	6324	3359	2965	6664	3524	3140	5866	3091	2775	5939	3119	2820
天津	71069	37627	33442	7490	3895	3595	5904	3121	2783	6360	3338	3022	6460	3409	3051	6451	3367	3084	5240	2786	2454	5024	2668	2356	5408	2896	2512	5656	2988	2668	5981	3189	2792	5529	2944	2585	5566	3026	2540
河北	761766	404849	356917	120058	62491	57567	81905	42599	39306	63107	33395	29712	58904	31384	27520	59293	31597	27696	48684	26174	22510	49840	26885	22955	47695	25884	21811	47305	25512	21793	53820	29083	24737	58705	31450	27255	72450	38395	34055
山西	433817	229684	204133	75360	39756	35604	49756	26374	23382	32529	17139	15390	33522	17848	15674	34361	18366	15995	30468	16046	14422	31290	16543	14747	28863	15212	13651	27673	14651	13022	28793	15245	13548	27635	14662	12973	33567	17842	15725
内蒙古	234193	121844	112349	28235	14681	13554	22309	11501	10808	21548	11194	10354	19634	10344	9290	19612	10277	9335	17060	8787	8273	16442	8547	7895	15460	7986	7474	14592	7602	6990	15811	8234	7577	17761	9242	8519	25729	13449	12280
　																																							
辽宁	354705	188044	166661	39562	20919	18643	30932	16345	14587	29004	15461	13543	29751	15797	13954	30790	16398	14392	27738	14629	13109	28222	15109	13113	27990	14767	13223	26916	14193	12723	27534	14536	12998	25996	13797	12199	30270	16093	14177
吉林	232008	122173	109835	26326	13900	12426	24667	13023	11644	21275	11285	9990	20315	10674	9641	20238	10539	9699	18425	9683	8742	18219	9689	8530	16797	8782	8015	16090	8395	7695	16747	8919	7828	15124	7902	7222	17785	9382	8403
黑龙江	294263	153944	140319	30441	15984	14457	27111	14191	12920	25869	13550	12319	26244	13783	12461	26380	13555	12825	23711	12457	11254	24081	12645	11436	22577	11687	10890	20651	10748	9903	20936	11104	9832	20726	10844	9882	25536	13396	12140
　																																							
上海	90498	47534	42964	8456	4411	4045	8434	4381	4053	7886	4160	3726	7700	4119	3581	7830	4088	3742	6907	3654	3253	6550	3458	3092	6504	3478	3026	7309	3837	3472	8085	4204	3881	7546	3968	3578	7291	3776	3515
江苏	582282	313340	268942	81710	43978	37732	60601	32484	28117	49639	26691	22948	47992	25611	22381	44996	24129	20867	38400	20629	17771	36406	20021	16385	37334	20202	17132	38897	20914	17983	44141	23764	20377	44276	23826	20450	57890	31091	26799
浙江	472454	251536	220918	51037	27286	23751	43160	22848	20312	39889	21256	18633	39417	20940	18477	38868	20679	18189	34938	18490	16448	33955	18107	15848	33738	18081	15657	35697	19174	16523	37858	20058	17800	38470	20417	18053	45427	24200	21227
安徽	693289	389010	304279	103856	57877	45979	75235	41774	33461	58530	32766	25764	58093	32871	25222	53918	30235	23683	46164	26066	20098	42799	24256	18543	42939	24514	18425	44371	25072	19299	48798	27460	21338	50538	28292	22246	68048	37827	30221
福建	347425	188002	159423	37232	20137	17095	31407	16916	14491	29781	16118	13663	28004	15230	12774	27712	15051	12661	23724	12909	10815	24638	13293	11345	24911	13548	11363	26374	14320	12054	29010	15663	13347	29808	16032	13776	34824	18785	16039
江西	632717	338074	294643	104254	54993	49261	85308	43763	41545	50261	27339	22922	48905	26592	22313	46428	24652	21776	39393	21175	18218	38784	20953	17831	37475	20463	17012	38685	21028	17657	42230	22847	19383	42250	22708	19542	58744	31561	27183
山东	967095	511285	455810	124125	65684	58441	97858	51675	46183	88344	46722	41622	82494	43317	39177	82045	42918	39127	68337	35877	32460	64908	34392	30516	62221	33148	29073	60482	32080	28402	66894	35559	31335	75249	39992	35257	94138	49921	44217
　																																							
河南	1208404	655250	553154	206400	106504	99896	150079	78390	71689	97830	53742	44088	97292	53933	43359	96513	52891	43622	81918	45473	36445	77722	43403	34319	72577	40739	31838	70456	39339	31117	76333	42323	34010	78363	43305	35058	102921	55208	47713
湖北	469244	263596	205648	60332	33649	26683	49246	27636	21610	40271	22676	17595	36973	20711	16262	36096	20252	15844	30794	17291	13503	31318	17790	13528	31597	17875	13722	33790	19012	14778	37448	21007	16441	36648	20425	16223	44731	25272	19459
湖南	689164	384443	304721	94932	52627	42305	80289	44139	36150	56250	31349	24901	52718	29576	23142	50412	28203	22209	46730	26127	20603	47713	26832	20881	47976	26871	21105	49718	27517	22201	52882	29544	23338	51776	29188	22588	57768	32470	25298
广东	957870	541945	415925	146969	83839	63130	116292	65506	50786	83870	47728	36142	77327	43797	33530	77968	43840	34128	66474	37778	28696	67745	38419	29326	65323	37098	28225	65804	37355	28449	68259	38218	30041	61018	34211	26807	60821	34156	26665
广西	603910	336158	267752	85016	47715	37301	72035	39950	32085	49082	27386	21696	48730	26994	21736	46721	25696	21025	39965	21986	17979	41342	23223	18119	41553	23139	18414	42091	23463	18628	44320	24541	19779	42824	23810	19014	50231	28255	21976
海南	109658	63122	46536	13021	7549	5472	11554	6686	4868	9636	5578	4058	8989	5149	3840	8745	4976	3769	8260	4651	3609	8104	4752	3352	8195	4681	3514	7909	4528	3381	8410	4877	3533	7822	4522	3300	9013	5173	3840
　																																							
重庆	302858	162081	140777	39331	21053	18278	40073	21383	18690	25459	13664	11795	24034	12911	11123	23734	12691	11043	20708	11009	9699	20615	11029	9586	20317	10915	9402	20521	10863	9658	23618	12675	10943	20552	11069	9483	23896	12819	11077
四川	862006	462955	399051	114192	61714	52478	103542	56128	47414	71997	38656	33341	68209	36332	31877	68295	36449	31846	59748	31962	27786	60864	32837	28027	59893	32110	27783	60038	32120	27918	66307	35515	30792	59351	31948	27403	69570	37184	32386
贵州	685345	354311	331034	101868	53628	48240	97389	50148	47241	55743	29329	26414	56900	29441	27459	54672	27884	26788	47332	24296	23036	46690	24165	22525	44274	22881	21393	42057	21759	20298	44805	22920	21885	41881	21569	20312	51734	26291	25443
云南	776712	404569	372143	111294	57848	53446	96185	50212	45973	62946	32565	30381	61848	32350	29498	59165	30713	28452	53451	27830	25621	51314	26844	24470	50044	26151	23893	49204	25506	23698	53301	27749	25552	54582	28510	26072	73378	38291	35087
西藏	51809	26253	25556	4760	2407	2353	6458	3301	3157	4493	2211	2282	4111	2069	2042	5013	2562	2451	4122	2085	2037	4450	2225	2225	4105	2091	2014	4061	2034	2027	3837	2034	1803	3233	1624	1609	3166	1610	1556
　																																							
陕西	349318	192037	157281	49128	27206	21922	39954	21762	18192	31002	17218	13784	28662	15689	12973	28838	15644	13194	24992	13809	11183	24932	13806	11126	23055	12658	10397	23185	12717	10468	24652	13558	11094	23450	12817	10633	27468	15153	12315
甘肃	345348	184585	160763	53837	28930	24907	47166	25116	22050	28316	15221	13095	26832	14444	12388	31542	16542	15000	22786	11921	10865	22221	12013	10208	20761	11158	9603	19718	10425	9293	21409	11505	9904	23905	12897	11008	26855	14413	12442
青海	77635	40728	36907	10061	5254	4807	8562	4515	4047	6560	3419	3141	6309	3284	3025	6262	3268	2994	5658	2967	2691	5776	3036	2740	5764	3080	2684	5541	2943	2598	5279	2740	2539	5201	2687	2514	6662	3535	3127
宁夏	90643	47229	43414	12289	6390	5899	9771	5012	4759	8951	4713	4238	7967	4133	3834	7571	3967	3604	6588	3318	3270	5955	3166	2789	5446	2838	2608	5378	2733	2645	5670	2949	2721	6261	3347	2914	8796	4663	4133
新疆	285426	146950	138476	29314	15083	14231	29045	15089	13956	25654	13161	12493	23167	
